----------Start----------
0 8971
1 4465
0 616
1 523
0 618
1 520
0 608
1 521
0 633
1 505
0 641
1 486
0 620
1 524
0 618
1 520
0 603
1 691
0 487
1 1604
0 614
1 1648
0 594
1 1632
0 617
1 1647
0 611
1 518
0 618
1 1626
0 627
1 1632
0 610
1 1638
0 612
1 1730
0 534
1 1632
0 616
1 520
0 631
1 493
0 629
1 511
0 622
1 518
0 614
1 529
0 607
1 520
0 613
1 525
0 647
1 491
0 622
1 1617
0 655
1 1601
0 610
1 1636
0 620
1 1637
0 615
1 1633
0 645
1 1630
0 621
1 41168
0 9093
1 2190
0 637
-----------End-----------

Size of array is 71
10000000011110111110000000011111111


10000000

01111011

11100000

00011111

111